{
 "cells": [
  {
   "cell_type": "markdown",
   "id": "EhX98V-h5aGk",
   "metadata": {
    "id": "EhX98V-h5aGk"
   },
   "source": [
    "#  2.9: Plotly — Avanzado\n",
    "\n",
    "Gráficos 3D, mapas, treemaps y exportación."
   ]
  },
  {
   "cell_type": "code",
   "execution_count": 1,
   "id": "NrLVkQYG5aGm",
   "metadata": {
    "executionInfo": {
     "elapsed": 3431,
     "status": "ok",
     "timestamp": 1777661819375,
     "user": {
      "displayName": "Sergio A. Holguin Garcia",
      "userId": "05998729297459096970"
     },
     "user_tz": 300
    },
    "id": "NrLVkQYG5aGm"
   },
   "outputs": [],
   "source": [
    "import plotly.express as px\n",
    "import plotly.graph_objects as go\n",
    "import numpy as np\n",
    "import pandas as pd"
   ]
  },
  {
   "cell_type": "markdown",
   "id": "n9Oa42q35aGo",
   "metadata": {
    "id": "n9Oa42q35aGo"
   },
   "source": [
    "## 6.1 Superficie 3D"
   ]
  },
  {
   "cell_type": "code",
   "execution_count": 2,
   "id": "9P9SnDzT5aGp",
   "metadata": {
    "colab": {
     "base_uri": "https://localhost:8080/",
     "height": 567
    },
    "executionInfo": {
     "elapsed": 5862,
     "status": "ok",
     "timestamp": 1777661825242,
     "user": {
      "displayName": "Sergio A. Holguin Garcia",
      "userId": "05998729297459096970"
     },
     "user_tz": 300
    },
    "id": "9P9SnDzT5aGp",
    "outputId": "1f58b989-4787-4682-80f0-ab515e53441f"
   },
   "outputs": [
    {
     "data": {
      "text/html": [
       "<html>\n",
       "<head><meta charset=\"utf-8\" /></head>\n",
       "<body>\n",
       "    <div>            <script src=\"https://cdnjs.cloudflare.com/ajax/libs/mathjax/2.7.5/MathJax.js?config=TeX-AMS-MML_SVG\"></script><script type=\"text/javascript\">if (window.MathJax && window.MathJax.Hub && window.MathJax.Hub.Config) {window.MathJax.Hub.Config({SVG: {font: \"STIX-Web\"}});}</script>                <script type=\"text/javascript\">window.PlotlyConfig = {MathJaxConfig: 'local'};</script>\n",
       "        <script charset=\"utf-8\" src=\"https://cdn.plot.ly/plotly-2.35.2.min.js\"></script>                <div id=\"53ca8700-8791-47fd-807a-8f514abdd0c5\" class=\"plotly-graph-div\" style=\"height:550px; width:800px;\"></div>            <script type=\"text/javascript\">                                    window.PLOTLYENV=window.PLOTLYENV || {};                                    if (document.getElementById(\"53ca8700-8791-47fd-807a-8f514abdd0c5\")) {                    Plotly.newPlot(                        \"53ca8700-8791-47fd-807a-8f514abdd0c5\",                        [{\"colorscale\":[[0.0,\"#440154\"],[0.1111111111111111,\"#482878\"],[0.2222222222222222,\"#3e4989\"],[0.3333333333333333,\"#31688e\"],[0.4444444444444444,\"#26828e\"],[0.5555555555555556,\"#1f9e89\"],[0.6666666666666666,\"#35b779\"],[0.7777777777777778,\"#6ece58\"],[0.8888888888888888,\"#b5de2b\"],[1.0,\"#fde725\"]],\"contours\":{\"x\":{\"color\":\"white\",\"show\":true,\"width\":1},\"y\":{\"color\":\"white\",\"show\":true,\"width\":1},\"z\":{\"color\":\"white\",\"show\":true,\"usecolormap\":true,\"width\":1}},\"opacity\":0.9,\"x\":[-5.0,-4.830508474576272,-4.661016949152542,-4.491525423728813,-4.322033898305085,-4.152542372881356,-3.983050847457627,-3.8135593220338984,-3.6440677966101696,-3.4745762711864407,-3.305084745762712,-3.135593220338983,-2.9661016949152543,-2.7966101694915255,-2.6271186440677967,-2.457627118644068,-2.288135593220339,-2.1186440677966103,-1.9491525423728815,-1.7796610169491527,-1.6101694915254239,-1.440677966101695,-1.2711864406779663,-1.1016949152542375,-0.9322033898305087,-0.7627118644067803,-0.593220338983051,-0.4237288135593218,-0.25423728813559343,-0.08474576271186507,0.08474576271186418,0.25423728813559343,0.4237288135593218,0.5932203389830502,0.7627118644067794,0.9322033898305087,1.101694915254237,1.2711864406779654,1.4406779661016946,1.6101694915254239,1.7796610169491522,1.9491525423728806,2.11864406779661,2.288135593220339,2.4576271186440675,2.627118644067796,2.796610169491525,2.9661016949152543,3.1355932203389827,3.305084745762711,3.4745762711864394,3.6440677966101696,3.813559322033898,3.9830508474576263,4.152542372881356,4.322033898305085,4.491525423728813,4.6610169491525415,4.83050847457627,5.0],\"y\":[-5.0,-4.830508474576272,-4.661016949152542,-4.491525423728813,-4.322033898305085,-4.152542372881356,-3.983050847457627,-3.8135593220338984,-3.6440677966101696,-3.4745762711864407,-3.305084745762712,-3.135593220338983,-2.9661016949152543,-2.7966101694915255,-2.6271186440677967,-2.457627118644068,-2.288135593220339,-2.1186440677966103,-1.9491525423728815,-1.7796610169491527,-1.6101694915254239,-1.440677966101695,-1.2711864406779663,-1.1016949152542375,-0.9322033898305087,-0.7627118644067803,-0.593220338983051,-0.4237288135593218,-0.25423728813559343,-0.08474576271186507,0.08474576271186418,0.25423728813559343,0.4237288135593218,0.5932203389830502,0.7627118644067794,0.9322033898305087,1.101694915254237,1.2711864406779654,1.4406779661016946,1.6101694915254239,1.7796610169491522,1.9491525423728806,2.11864406779661,2.288135593220339,2.4576271186440675,2.627118644067796,2.796610169491525,2.9661016949152543,3.1355932203389827,3.305084745762711,3.4745762711864394,3.6440677966101696,3.813559322033898,3.9830508474576263,4.152542372881356,4.322033898305085,4.491525423728813,4.6610169491525415,4.83050847457627,5.0],\"z\":[[0.7088612918380416,0.6202544101345994,0.5247225965412803,0.4240933172783407,0.32015927873317135,0.21463977522968675,0.1091466986171655,0.005155842550019606,-0.09601606057158506,-0.1932283295189022,-0.2855273039079968,-0.3721514294666743,-0.4525307614787669,-0.5262813345716917,-0.5931949674143453,-0.6532251631982461,-0.7064698292847744,-0.753151571699224,-0.7935963231296662,-0.8282110389143716,-0.8574611475323295,-0.8818483747372076,-0.9018894788975838,-0.9180963450519796,-0.9309577925622339,-0.940923361751155,-0.9483892636240459,-0.9536866077770171,-0.9570719696237899,-0.9587203202789037,-0.9587203202789037,-0.9570719696237899,-0.9536866077770171,-0.9483892636240459,-0.940923361751155,-0.9309577925622339,-0.9180963450519796,-0.9018894788975838,-0.8818483747372076,-0.8574611475323295,-0.8282110389143716,-0.7935963231296662,-0.753151571699224,-0.7064698292847744,-0.6532251631982467,-0.5931949674143453,-0.5262813345716917,-0.4525307614787669,-0.3721514294666743,-0.2855273039079968,-0.19322832951890306,-0.09601606057158506,0.005155842550018718,0.10914669861716463,0.21463977522968675,0.32015927873317135,0.4240933172783407,0.5247225965412803,0.6202544101345986,0.7088612918380416],[0.6202544101345994,0.5211392849732417,0.41633141725313616,0.3077665666449345,0.19731582595513378,0.08674636763308531,-0.02231241566425981,-0.12839677472488853,-0.23023008349950425,-0.32673776109059055,-0.41705567015098327,-0.5005322205434429,-0.5767245824618874,-0.6453895639146708,-0.7064698292847744,-0.7600762255852304,-0.8064670393310117,-0.8460250293835883,-0.8792330708837888,-0.9066492051072627,-0.9288818237495351,-0.9465656289741412,-0.9603389087070344,-0.9708225569538781,-0.9786011584277865,-0.9842063523678284,-0.9881025982566096,-0.9906753911519591,-0.9922219198214444,-0.9929441281084709,-0.9929441281084709,-0.9922219198214444,-0.9906753911519591,-0.9881025982566096,-0.9842063523678284,-0.9786011584277865,-0.9708225569538781,-0.9603389087070344,-0.9465656289741412,-0.9288818237495351,-0.9066492051072627,-0.8792330708837888,-0.8460250293835883,-0.8064670393310117,-0.7600762255852304,-0.7064698292847744,-0.6453895639146708,-0.5767245824618874,-0.5005322205434429,-0.41705567015098327,-0.3267377610905914,-0.23023008349950425,-0.12839677472488942,-0.02231241566425981,0.08674636763308531,0.19731582595513378,0.3077665666449345,0.4163314172531354,0.5211392849732402,0.6202544101345994],[0.5247225965412803,0.41633141725313616,0.30361843306962294,0.1886124884421244,0.07324618987304532,-0.04068361459886462,-0.15154920470893557,-0.25791864335989895,-0.3585753882363218,-0.4525307614787669,-0.5390294020641203,-0.6175480321812752,-0.6877880528081175,-0.7496626392615916,-0.8032791302211695,-0.8489175904446624,-0.8870064763879363,-0.9180963450519796,-0.9428325210771992,-0.961927578474904,-0.9761344060786282,-0.9862205158781275,-0.9929441281084709,-0.9970324343815952,-0.999162308727069,-0.999943614446282,-0.9999051496893714,-0.999483192721514,-0.9990125530193037,-0.9987200082042936,-0.9987200082042936,-0.9990125530193037,-0.999483192721514,-0.9999051496893714,-0.999943614446282,-0.999162308727069,-0.9970324343815952,-0.9929441281084709,-0.9862205158781275,-0.9761344060786282,-0.961927578474904,-0.9428325210771994,-0.9180963450519796,-0.8870064763879363,-0.8489175904446624,-0.80327913022117,-0.7496626392615916,-0.6877880528081175,-0.6175480321812752,-0.539029402064121,-0.45253076147876775,-0.3585753882363218,-0.25791864335989895,-0.15154920470893557,-0.04068361459886462,0.07324618987304532,0.1886124884421244,0.30361843306962294,0.41633141725313455,0.5247225965412803],[0.4240933172783407,0.3077665666449345,0.1886124884421244,0.06873662048073594,-0.049884747450581336,-0.16544401269392522,-0.2763347684308691,-0.3811768660722355,-0.47883376811677414,-0.5684221777768763,-0.6493141696979202,-0.7211322648773512,-0.7837380854222599,-0.8372153850775746,-0.8818483747372076,-0.9180963450519796,-0.9465656289741415,-0.9679799455279031,-0.9831501239504414,-0.992944128108471,-0.9982581900494653,-0.9999897256535671,-0.9990125530193037,-0.996154774944696,-0.9921795307524583,-0.9877686798048279,-0.9835093586033411,-0.9798832629803592,-0.9772584517330342,-0.9758834501909114,-0.9758834501909114,-0.9772584517330342,-0.9798832629803592,-0.9835093586033411,-0.9877686798048277,-0.9921795307524583,-0.996154774944696,-0.9990125530193037,-0.9999897256535671,-0.9982581900494653,-0.992944128108471,-0.9831501239504414,-0.9679799455279031,-0.9465656289741415,-0.91809634505198,-0.881848374737208,-0.8372153850775746,-0.7837380854222599,-0.7211322648773518,-0.6493141696979202,-0.568422177776877,-0.47883376811677414,-0.3811768660722355,-0.27633476843087,-0.16544401269392522,-0.049884747450581336,0.06873662048073594,0.1886124884421244,0.3077665666449337,0.4240933172783407],[0.32015927873317135,0.19731582595513378,0.07324618987304532,-0.049884747450581336,-0.17007556535242216,-0.2855273039079968,-0.3946747344701487,-0.49620943983616095,-0.5890945155763438,-0.6725709718346664,-0.7461561685302821,-0.8096348480749493,-0.8630435310237443,-0.9066492051072627,-0.940923361751155,-0.9665125128590085,-0.9842063523678284,-0.9949047117492468,-0.9995843980299715,-0.9992669008659582,-0.9949878175902497,-0.9877686798048279,-0.9785916816377619,-0.9683776193311301,-0.9579671663842145,-0.9481054402639685,-0.9394296771848606,-0.9324597303190133,-0.927591050788679,-0.9250898028135687,-0.9250898028135687,-0.927591050788679,-0.9324597303190133,-0.9394296771848606,-0.9481054402639685,-0.9579671663842145,-0.9683776193311301,-0.9785916816377619,-0.9877686798048279,-0.9949878175902497,-0.9992669008659582,-0.9995843980299715,-0.9949047117492469,-0.9842063523678284,-0.9665125128590087,-0.940923361751155,-0.9066492051072627,-0.8630435310237443,-0.8096348480749493,-0.7461561685302827,-0.6725709718346671,-0.5890945155763438,-0.49620943983616095,-0.3946747344701495,-0.2855273039079968,-0.17007556535242216,-0.049884747450581336,0.07324618987304443,0.19731582595513206,0.32015927873317135],[0.21463977522968675,0.08674636763308531,-0.04068361459886462,-0.16544401269392522,-0.2855273039079968,-0.3991627974870952,-0.5048462870316167,-0.6013607592164106,-0.6877880528081168,-0.7635116484041313,-0.8282110389143711,-0.8818483747372071,-0.9246482879286929,-0.9570719696237899,-0.9797866990700085,-0.9936320969520479,-0.9995843980299715,-0.9987200082042936,-0.9921795307524585,-0.9811333196556679,-0.966749450961833,-0.9501648046475271,-0.9324597303190133,-0.9146365431532444,-0.8976018759788084,-0.8821527142023791,-0.8689657767556387,-0.8585897908378729,-0.8514401500365967,-0.8477954487042603,-0.8477954487042603,-0.8514401500365967,-0.8585897908378729,-0.8689657767556387,-0.8821527142023786,-0.8976018759788084,-0.9146365431532444,-0.9324597303190133,-0.9501648046475271,-0.966749450961833,-0.9811333196556679,-0.9921795307524585,-0.9987200082042936,-0.9995843980299715,-0.993632096952048,-0.9797866990700087,-0.9570719696237899,-0.9246482879286929,-0.8818483747372076,-0.8282110389143716,-0.7635116484041319,-0.6877880528081168,-0.6013607592164106,-0.5048462870316167,-0.3991627974870952,-0.2855273039079968,-0.16544401269392522,-0.04068361459886462,0.08674636763308442,0.21463977522968675],[0.1091466986171655,-0.02231241566425981,-0.15154920470893557,-0.2763347684308691,-0.3946747344701487,-0.5048462870316167,-0.6054258237126159,-0.6953069084294649,-0.7737085038431043,-0.8401737722729734,-0.8945600200587606,-0.9370206174033229,-0.9679799455279029,-0.9881025982566098,-0.9982581900494653,-0.999483192721514,-0.9929412360867517,-0.9798832629803594,-0.9616088281354492,-0.9394296771848606,-0.9146365431532444,-0.8884698624455658,-0.8620948525348412,-0.8365811239302982,-0.8128867363596706,-0.7918463715292672,-0.7741631004218364,-0.7604030881594627,-0.7509925164527912,-0.7462160191250039,-0.7462160191250039,-0.7509925164527912,-0.7604030881594627,-0.7741631004218364,-0.7918463715292672,-0.8128867363596706,-0.8365811239302982,-0.8620948525348407,-0.8884698624455658,-0.9146365431532444,-0.9394296771848606,-0.9616088281354492,-0.9798832629803594,-0.9929412360867517,-0.999483192721514,-0.9982581900494653,-0.9881025982566098,-0.9679799455279029,-0.9370206174033232,-0.8945600200587606,-0.8401737722729739,-0.7737085038431043,-0.6953069084294649,-0.6054258237126167,-0.5048462870316167,-0.3946747344701487,-0.2763347684308691,-0.15154920470893557,-0.022312415664261585,0.1091466986171655],[0.005155842550019606,-0.12839677472488853,-0.25791864335989895,-0.3811768660722355,-0.49620943983616095,-0.6013607592164106,-0.6953069084294649,-0.7770704843235833,-0.8460250293835887,-0.9018894788975838,-0.9447133291447836,-0.9748535041230785,-0.9929441281084709,-0.9998605925645307,-0.9966794323069119,-0.9846355926462524,-0.9650786735032366,-0.9394296771848606,-0.9091396647882031,-0.8756515456756963,-0.8403659915422532,-0.8046121907785038,-0.769623853016496,-0.7365205542874491,-0.7062941997010582,-0.6798000949615075,-0.6577518832732057,-0.6407194418428781,-0.6291287596764535,-0.6232628459143288,-0.6232628459143288,-0.6291287596764535,-0.6407194418428781,-0.6577518832732053,-0.6798000949615072,-0.7062941997010582,-0.7365205542874488,-0.769623853016496,-0.8046121907785038,-0.8403659915422532,-0.8756515456756963,-0.9091396647882031,-0.9394296771848606,-0.9650786735032366,-0.9846355926462523,-0.9966794323069119,-0.9998605925645307,-0.9929441281084709,-0.9748535041230785,-0.9447133291447839,-0.9018894788975838,-0.8460250293835887,-0.7770704843235833,-0.6953069084294655,-0.6013607592164106,-0.49620943983616095,-0.3811768660722355,-0.2579186433598998,-0.12839677472489028,0.005155842550019606],[-0.09601606057158506,-0.23023008349950425,-0.3585753882363218,-0.47883376811677414,-0.5890945155763438,-0.6877880528081168,-0.7737085038431043,-0.8460250293835887,-0.9042821044513608,-0.9483892636240459,-0.9786011584277865,-0.9954890561484379,-0.9999051496893714,-0.9929412360867517,-0.9758834501909114,-0.9501648046475267,-0.9173172841489864,-0.8789251693140941,-0.8365811239302982,-0.7918463715292672,-0.7462160191250039,-0.7010902666337556,-0.6577518832732057,-0.617349954890905,-0.5808895311376657,-0.5492264552162575,-0.5230663706738281,-0.5029666982221719,-0.48934028561499504,-0.4824594713156151,-0.4824594713156151,-0.48934028561499504,-0.5029666982221719,-0.5230663706738278,-0.5492264552162575,-0.5808895311376657,-0.617349954890905,-0.657751883273205,-0.7010902666337556,-0.7462160191250039,-0.7918463715292672,-0.8365811239302976,-0.8789251693140938,-0.9173172841489864,-0.9501648046475267,-0.9758834501909114,-0.9929412360867517,-0.9999051496893714,-0.9954890561484379,-0.9786011584277867,-0.9483892636240462,-0.9042821044513608,-0.8460250293835887,-0.7737085038431049,-0.6877880528081168,-0.5890945155763438,-0.47883376811677414,-0.3585753882363226,-0.230230083499506,-0.09601606057158506],[-0.1932283295189022,-0.32673776109059055,-0.4525307614787669,-0.5684221777768763,-0.6725709718346664,-0.7635116484041313,-0.8401737722729734,-0.9018894788975838,-0.9483892636240459,-0.9797866990700085,-0.9965530673212422,-0.999483192721514,-0.989654012642518,-0.9683776193311301,-0.9371506386853169,-0.8976018759788084,-0.8514401500365967,-0.8004041537099382,-0.7462160191250039,-0.6905400327211897,-0.6349476419902416,-0.5808895311376657,-0.5296751293376798,-0.4824594713156151,-0.4402368806964328,-0.4038405235147737,-0.3739465193301656,-0.3510810393691001,-0.3356287006237095,-0.32784060752536337,-0.32784060752536337,-0.3356287006237095,-0.3510810393691001,-0.3739465193301652,-0.4038405235147733,-0.4402368806964328,-0.48245947131561473,-0.5296751293376794,-0.5808895311376657,-0.6349476419902416,-0.6905400327211897,-0.7462160191250037,-0.8004041537099382,-0.8514401500365967,-0.8976018759788084,-0.9371506386853167,-0.9683776193311301,-0.989654012642518,-0.9994831927215139,-0.9965530673212423,-0.9797866990700088,-0.9483892636240459,-0.9018894788975838,-0.8401737722729739,-0.7635116484041313,-0.6725709718346664,-0.5684221777768763,-0.45253076147876775,-0.3267377610905922,-0.1932283295189022],[-0.2855273039079968,-0.41705567015098327,-0.5390294020641203,-0.6493141696979202,-0.7461561685302821,-0.8282110389143711,-0.8945600200587606,-0.9447133291447836,-0.9786011584277865,-0.9965530673212422,-0.9992669008659582,-0.9877686798048279,-0.9633651709237979,-0.927591050788679,-0.8821527142023786,-0.8288708446484297,-0.769623853016496,-0.7062941997010582,-0.6407194418428781,-0.5746495919074296,-0.5097120382105269,-0.44738486811979544,-0.3889789612347799,-0.3356287006237095,-0.28829061184162535,-0.24774871875425972,-0.21462494845642274,-0.18939257723121442,-0.17239053721947128,-0.16383644024479777,-0.16383644024479777,-0.17239053721947128,-0.18939257723121442,-0.2146249484564223,-0.2477487187542593,-0.28829061184162535,-0.33562870062370903,-0.38897896123477943,-0.44738486811979544,-0.5097120382105269,-0.5746495919074296,-0.6407194418428778,-0.7062941997010579,-0.769623853016496,-0.8288708446484297,-0.8821527142023786,-0.927591050788679,-0.9633651709237979,-0.9877686798048279,-0.999266900865958,-0.9965530673212423,-0.9786011584277865,-0.9447133291447836,-0.8945600200587606,-0.8282110389143711,-0.7461561685302821,-0.6493141696979202,-0.539029402064121,-0.4170556701509849,-0.2855273039079968],[-0.3721514294666743,-0.5005322205434429,-0.6175480321812752,-0.7211322648773512,-0.8096348480749493,-0.8818483747372071,-0.9370206174033229,-0.9748535041230785,-0.9954890561484379,-0.999483192721514,-0.9877686798048279,-0.9616088281354492,-0.9225438216564578,-0.8723317715451951,-0.8128867363596706,-0.7462160191250037,-0.6743590424246383,-0.5993300086013867,-0.5230663706738281,-0.44738486811979544,-0.3739465193301656,-0.3042315110657614,-0.23952439128701689,-0.18090936983539152,-0.1292748877898167,-0.08532597194643954,-0.04960230298322952,-0.02249946506443533,-0.004290586342479269,0.004854410231831392,0.004854410231831392,-0.004290586342479269,-0.02249946506443533,-0.049602302983229075,-0.0853259719464391,-0.1292748877898167,-0.18090936983539108,-0.23952439128701647,-0.30423151106576096,-0.3739465193301656,-0.44738486811979544,-0.5230663706738278,-0.5993300086013864,-0.6743590424246383,-0.7462160191250037,-0.8128867363596701,-0.8723317715451951,-0.9225438216564578,-0.9616088281354492,-0.9877686798048277,-0.9994831927215139,-0.9954890561484379,-0.9748535041230785,-0.9370206174033232,-0.8818483747372071,-0.8096348480749493,-0.7211322648773512,-0.617548032181276,-0.5005322205434445,-0.3721514294666743],[-0.4525307614787669,-0.5767245824618874,-0.6877880528081175,-0.7837380854222599,-0.8630435310237443,-0.9246482879286929,-0.9679799455279029,-0.9929441281084709,-0.9999051496893714,-0.989654012642518,-0.9633651709237979,-0.9225438216564578,-0.8689657767556382,-0.8046121907785038,-0.7316015750864596,-0.652121605742345,-0.5683632282221903,-0.4824594713156151,-0.3964312008225931,-0.31214176583148456,-0.23126211139010153,-0.15524744718684388,-0.08532597194643954,-0.02249946506443533,0.0324452079435899,0.07891542896676147,0.11648551805290568,0.14486593717688737,0.1638725621273355,0.17339963295062924,0.17339963295062924,0.1638725621273355,0.14486593717688737,0.11648551805290612,0.07891542896676192,0.0324452079435899,-0.02249946506443533,-0.0853259719464391,-0.15524744718684388,-0.23126211139010153,-0.31214176583148456,-0.3964312008225927,-0.48245947131561473,-0.5683632282221903,-0.652121605742345,-0.7316015750864593,-0.8046121907785038,-0.8689657767556382,-0.9225438216564574,-0.9633651709237979,-0.9896540126425177,-0.9999051496893714,-0.9929441281084709,-0.9679799455279031,-0.9246482879286929,-0.8630435310237443,-0.7837380854222599,-0.6877880528081181,-0.5767245824618895,-0.4525307614787669],[-0.5262813345716917,-0.6453895639146708,-0.7496626392615916,-0.8372153850775746,-0.9066492051072627,-0.9570719696237899,-0.9881025982566098,-0.9998605925645307,-0.9929412360867517,-0.9683776193311301,-0.927591050788679,-0.8723317715451951,-0.8046121907785038,-0.7266350943101597,-0.6407194418428781,-0.5492264552162575,-0.45448870535405705,-0.35874482495829396,-0.26408230189693754,-0.17239053721947087,-0.08532597194643954,-0.004290586342479269,0.06957555714070143,0.13538782620738757,0.19249758352633947,0.24046179064147966,0.2790046418703198,0.30797511577550946,0.3273049604303588,0.3369718187433447,0.3369718187433447,0.3273049604303588,0.30797511577550946,0.27900464187032026,0.24046179064147966,0.19249758352633947,0.13538782620738798,0.06957555714070188,-0.004290586342479269,-0.08532597194643954,-0.17239053721947087,-0.2640823018969371,-0.3587448249582935,-0.45448870535405705,-0.549226455216257,-0.6407194418428774,-0.7266350943101597,-0.8046121907785038,-0.8723317715451951,-0.9275910507886787,-0.9683776193311299,-0.9929412360867517,-0.9998605925645307,-0.98810259825661,-0.9570719696237899,-0.9066492051072627,-0.8372153850775746,-0.7496626392615923,-0.6453895639146722,-0.5262813345716917],[-0.5931949674143453,-0.7064698292847744,-0.8032791302211695,-0.8818483747372076,-0.940923361751155,-0.9797866990700085,-0.9982581900494653,-0.9966794323069119,-0.9758834501909114,-0.9371506386853169,-0.8821527142023786,-0.8128867363596706,-0.7316015750864596,-0.6407194418428781,-0.5427552767304412,-0.4402368806964328,-0.3356287006237095,-0.23126211139010153,-0.1292748877898167,-0.03156231171211851,0.06025799820864021,0.14486593717688692,0.22124249598167162,0.2886569578718415,0.3466386266407924,0.3949352153960855,0.43346134567226835,0.46224188168810226,0.4813558241382894,0.4908869370888554,0.4908869370888554,0.4813558241382894,0.46224188168810226,0.43346134567226874,0.3949352153960859,0.3466386266407924,0.2886569578718415,0.22124249598167206,0.14486593717688737,0.06025799820864021,-0.03156231171211807,-0.12927488778981627,-0.2312621113901011,-0.3356287006237095,-0.44023688069643235,-0.5427552767304406,-0.6407194418428778,-0.7316015750864596,-0.8128867363596706,-0.8821527142023783,-0.9371506386853167,-0.9758834501909114,-0.9966794323069119,-0.9982581900494653,-0.9797866990700085,-0.940923361751155,-0.8818483747372076,-0.80327913022117,-0.7064698292847756,-0.5931949674143453],[-0.6532251631982461,-0.7600762255852304,-0.8489175904446624,-0.9180963450519796,-0.9665125128590085,-0.9936320969520479,-0.999483192721514,-0.9846355926462524,-0.9501648046475267,-0.8976018759788084,-0.8288708446484297,-0.7462160191250037,-0.652121605742345,-0.5492264552162575,-0.4402368806964328,-0.32784060752536337,-0.21462494845642274,-0.10300225667817753,0.004854410231831392,0.10706268725838537,0.20206693922465224,0.2886569578718415,0.3659679557266581,0.43346134567226835,0.4908869370888554,0.5382286371143132,0.5756374708439014,0.6033575561519564,0.6216522658195008,0.6307387409066876,0.6307387409066876,0.6216522658195008,0.6033575561519564,0.5756374708439017,0.5382286371143136,0.4908869370888554,0.43346134567226874,0.36596795572665847,0.2886569578718415,0.20206693922465224,0.1070626872583858,0.004854410231831836,-0.10300225667817665,-0.21462494845642274,-0.3278406075253629,-0.44023688069643196,-0.549226455216257,-0.652121605742345,-0.7462160191250037,-0.8288708446484292,-0.8976018759788079,-0.9501648046475267,-0.9846355926462523,-0.9994831927215139,-0.9936320969520479,-0.9665125128590085,-0.9180963450519796,-0.8489175904446624,-0.7600762255852309,-0.6532251631982461],[-0.7064698292847744,-0.8064670393310117,-0.8870064763879363,-0.9465656289741415,-0.9842063523678284,-0.9995843980299715,-0.9929412360867517,-0.9650786735032366,-0.9173172841489864,-0.8514401500365967,-0.769623853016496,-0.6743590424246383,-0.5683632282221903,-0.45448870535405705,-0.3356287006237095,-0.21462494845642274,-0.09417994901805621,0.023222855058003464,0.13538782620738757,0.24046179064147966,0.3369718187433447,0.4238436754447421,0.500399003875266,0.5663300936249842,0.6216522658195005,0.6666355902609005,0.7017198642659526,0.7274193775294943,0.7442265403697087,0.752525266522697,0.752525266522697,0.7442265403697087,0.7274193775294943,0.7017198642659529,0.6666355902609005,0.6216522658195005,0.5663300936249842,0.500399003875266,0.4238436754447421,0.3369718187433447,0.24046179064147966,0.13538782620738798,0.023222855058003464,-0.09417994901805621,-0.2146249484564223,-0.33562870062370903,-0.45448870535405705,-0.5683632282221903,-0.674359042424638,-0.7696238530164955,-0.8514401500365962,-0.9173172841489864,-0.9650786735032366,-0.9929412360867516,-0.9995843980299715,-0.9842063523678284,-0.9465656289741415,-0.8870064763879367,-0.8064670393310127,-0.7064698292847744],[-0.753151571699224,-0.8460250293835883,-0.9180963450519796,-0.9679799455279031,-0.9949047117492468,-0.9987200082042936,-0.9798832629803594,-0.9394296771848606,-0.8789251693140941,-0.8004041537099382,-0.7062941997010582,-0.5993300086013867,-0.4824594713156151,-0.35874482495829396,-0.23126211139010153,-0.10300225667817753,0.023222855058003464,0.14486593717688692,0.25971814701330176,0.3659679557266581,0.46224188168810226,0.5476241015460057,0.6216522658195005,0.6842874329381382,0.7358571039843126,0.776972141409781,0.8084210904281943,0.8310490635877591,0.8456324133178614,0.8527638344436549,0.8527638344436549,0.8456324133178614,0.8310490635877591,0.8084210904281945,0.7769721414097812,0.7358571039843126,0.6842874329381382,0.6216522658195008,0.5476241015460062,0.46224188168810226,0.3659679557266581,0.2597181470133026,0.14486593717688737,0.023222855058003464,-0.10300225667817665,-0.2312621113901011,-0.3587448249582935,-0.4824594713156151,-0.5993300086013864,-0.7062941997010576,-0.8004041537099377,-0.8789251693140941,-0.9394296771848606,-0.9798832629803592,-0.9987200082042936,-0.9949047117492468,-0.9679799455279031,-0.91809634505198,-0.8460250293835893,-0.753151571699224],[-0.7935963231296662,-0.8792330708837888,-0.9428325210771992,-0.9831501239504414,-0.9995843980299715,-0.9921795307524585,-0.9616088281354492,-0.9091396647882031,-0.8365811239302982,-0.7462160191250039,-0.6407194418428781,-0.5230663706738281,-0.3964312008225931,-0.26408230189693754,-0.1292748877898167,0.004854410231831392,0.13538782620738757,0.25971814701330176,0.37562836108485537,0.4813558241382894,0.5756374708439014,0.657732553371596,0.7274193775294943,0.7849626916002889,0.8310490635877591,0.8666892207045002,0.8930894530208613,0.9114991264262746,0.9230477437309521,0.9285913068855252,0.9285913068855252,0.9230477437309521,0.9114991264262746,0.8930894530208613,0.8666892207045004,0.8310490635877591,0.7849626916002892,0.7274193775294946,0.6577325533715963,0.5756374708439014,0.4813558241382894,0.3756283610848558,0.2597181470133022,0.13538782620738757,0.004854410231831836,-0.12927488778981627,-0.2640823018969371,-0.3964312008225931,-0.5230663706738278,-0.6407194418428774,-0.746216019125003,-0.8365811239302982,-0.9091396647882031,-0.961608828135449,-0.9921795307524585,-0.9995843980299715,-0.9831501239504414,-0.9428325210771994,-0.8792330708837895,-0.7935963231296662],[-0.8282110389143716,-0.9066492051072627,-0.961927578474904,-0.992944128108471,-0.9992669008659582,-0.9811333196556679,-0.9394296771848606,-0.8756515456756963,-0.7918463715292672,-0.6905400327211897,-0.5746495919074296,-0.44738486811979544,-0.31214176583148456,-0.17239053721947087,-0.03156231171211851,0.10706268725838537,0.24046179064147966,0.3659679557266581,0.4813558241382894,0.5849122827058062,0.6754878942963113,0.752525266522697,0.8160599794442455,0.8666892207045002,0.9055031326084372,0.9339747696706215,0.9538075763175021,0.9667455522482931,0.9743610715529043,0.9778468184187328,0.9778468184187329,0.9743610715529043,0.9667455522482931,0.9538075763175022,0.9339747696706218,0.9055031326084372,0.8666892207045004,0.8160599794442457,0.752525266522697,0.6754878942963113,0.5849122827058066,0.4813558241382898,0.3659679557266581,0.24046179064147966,0.1070626872583858,-0.03156231171211807,-0.17239053721947087,-0.31214176583148456,-0.44738486811979505,-0.5746495919074293,-0.6905400327211888,-0.7918463715292672,-0.8756515456756963,-0.9394296771848603,-0.9811333196556679,-0.9992669008659582,-0.992944128108471,-0.9619275784749042,-0.9066492051072634,-0.8282110389143716],[-0.8574611475323295,-0.9288818237495351,-0.9761344060786282,-0.9982581900494653,-0.9949878175902497,-0.966749450961833,-0.9146365431532444,-0.8403659915422532,-0.7462160191250039,-0.6349476419902416,-0.5097120382105269,-0.3739465193301656,-0.23126211139010153,-0.08532597194643954,0.06025799820864021,0.20206693922465224,0.3369718187433447,0.46224188168810226,0.5756374708439014,0.6754878942963113,0.7607508069517621,0.8310490635877589,0.8866800724028766,0.928591306885525,0.9583140807416161,0.9778468184187328,0.9894806649232465,0.9955670493936275,0.998241027368907,0.999134770995288,0.999134770995288,0.998241027368907,0.9955670493936275,0.9894806649232465,0.9778468184187329,0.9583140807416161,0.9285913068855252,0.8866800724028768,0.8310490635877591,0.7607508069517621,0.6754878942963113,0.5756374708439017,0.46224188168810226,0.3369718187433447,0.2020669392246527,0.0602579982086411,-0.0853259719464391,-0.23126211139010153,-0.3739465193301652,-0.5097120382105262,-0.6349476419902405,-0.7462160191250039,-0.8403659915422532,-0.914636543153244,-0.966749450961833,-0.9949878175902497,-0.9982581900494653,-0.9761344060786284,-0.9288818237495358,-0.8574611475323295],[-0.8818483747372076,-0.9465656289741412,-0.9862205158781275,-0.9999897256535671,-0.9877686798048279,-0.9501648046475271,-0.8884698624455658,-0.8046121907785038,-0.7010902666337556,-0.5808895311376657,-0.44738486811979544,-0.3042315110657614,-0.15524744718684388,-0.004290586342479269,0.14486593717688692,0.2886569578718415,0.4238436754447421,0.5476241015460057,0.657732553371596,0.752525266522697,0.8310490635877589,0.8930894530208611,0.939193247626699,0.9706584552409286,0.9894806649232465,0.998241027368907,0.9999185356923244,0.9976137115019864,0.994189001411687,0.9918665973438503,0.9918665973438503,0.994189001411687,0.9976137115019864,0.9999185356923244,0.998241027368907,0.9894806649232465,0.9706584552409288,0.9391932476266992,0.8930894530208613,0.8310490635877589,0.752525266522697,0.6577325533715966,0.5476241015460062,0.4238436754447421,0.28865695787184187,0.1448659371768878,-0.004290586342479269,-0.15524744718684388,-0.30423151106576096,-0.44738486811979505,-0.580889531137665,-0.7010902666337556,-0.8046121907785038,-0.8884698624455654,-0.9501648046475271,-0.9877686798048279,-0.9999897256535671,-0.9862205158781276,-0.9465656289741419,-0.8818483747372076],[-0.9018894788975838,-0.9603389087070344,-0.9929441281084709,-0.9990125530193037,-0.9785916816377619,-0.9324597303190133,-0.8620948525348412,-0.769623853016496,-0.6577518832732057,-0.5296751293376798,-0.3889789612347799,-0.23952439128701689,-0.08532597194643954,0.06957555714070143,0.22124249598167162,0.3659679557266581,0.500399003875266,0.6216522658195005,0.7274193775294943,0.8160599794442455,0.8866800724028766,0.939193247626699,0.9743610715529043,0.993805987805851,0.999984509965028,0.9960995947690691,0.9859204332769931,0.9734726820907095,0.9625783505420938,0.956280723785541,0.956280723785541,0.9625783505420938,0.9734726820907095,0.9859204332769931,0.9960995947690691,0.999984509965028,0.9938059878058512,0.9743610715529044,0.939193247626699,0.8866800724028766,0.8160599794442457,0.7274193775294946,0.6216522658195008,0.500399003875266,0.36596795572665847,0.22124249598167206,0.06957555714070143,-0.08532597194643954,-0.23952439128701689,-0.38897896123477943,-0.529675129337679,-0.6577518832732057,-0.7696238530164955,-0.8620948525348407,-0.9324597303190133,-0.9785916816377619,-0.9990125530193037,-0.992944128108471,-0.9603389087070349,-0.9018894788975838],[-0.9180963450519796,-0.9708225569538781,-0.9970324343815952,-0.996154774944696,-0.9683776193311301,-0.9146365431532444,-0.8365811239302982,-0.7365205542874491,-0.617349954890905,-0.4824594713156151,-0.3356287006237095,-0.18090936983539152,-0.02249946506443533,0.13538782620738757,0.2886569578718415,0.43346134567226835,0.5663300936249842,0.6842874329381382,0.7849626916002889,0.8666892207045002,0.928591306885525,0.9706584552409286,0.993805987805851,0.9999185356923244,0.9918665973438503,0.9734726820907096,0.9493799757801374,0.9247476097998024,0.9046891128460257,0.8934415357640473,0.8934415357640473,0.9046891128460257,0.9247476097998024,0.9493799757801372,0.9734726820907095,0.9918665973438503,0.9999185356923244,0.9938059878058512,0.9706584552409288,0.928591306885525,0.8666892207045004,0.7849626916002894,0.6842874329381385,0.5663300936249842,0.43346134567226874,0.2886569578718423,0.13538782620738798,-0.02249946506443533,-0.18090936983539108,-0.33562870062370864,-0.48245947131561395,-0.617349954890905,-0.7365205542874488,-0.8365811239302976,-0.9146365431532444,-0.9683776193311301,-0.996154774944696,-0.9970324343815953,-0.9708225569538788,-0.9180963450519796],[-0.9309577925622339,-0.9786011584277865,-0.999162308727069,-0.9921795307524583,-0.9579671663842145,-0.8976018759788084,-0.8128867363596706,-0.7062941997010582,-0.5808895311376657,-0.4402368806964328,-0.28829061184162535,-0.1292748877898167,0.0324452079435899,0.19249758352633947,0.3466386266407924,0.4908869370888554,0.6216522658195005,0.7358571039843126,0.8310490635877591,0.9055031326084372,0.9583140807416161,0.9894806649232465,0.999984509965028,0.9918665973438503,0.9683004646999688,0.9336472135188765,0.8934415357640473,0.85418787624868,0.8227602498582036,0.8052206873639666,0.8052206873639665,0.8227602498582036,0.85418787624868,0.8934415357640472,0.9336472135188763,0.9683004646999688,0.9918665973438502,0.999984509965028,0.9894806649232465,0.9583140807416161,0.9055031326084373,0.8310490635877593,0.7358571039843129,0.6216522658195005,0.4908869370888554,0.34663862664079326,0.1924975835263399,0.0324452079435899,-0.12927488778981627,-0.28829061184162447,-0.4402368806964316,-0.5808895311376657,-0.7062941997010579,-0.8128867363596701,-0.8976018759788084,-0.9579671663842145,-0.9921795307524583,-0.999162308727069,-0.9786011584277869,-0.9309577925622339],[-0.940923361751155,-0.9842063523678284,-0.999943614446282,-0.9877686798048279,-0.9481054402639685,-0.8821527142023791,-0.7918463715292672,-0.6798000949615075,-0.5492264552162575,-0.4038405235147737,-0.24774871875425972,-0.08532597194643954,0.07891542896676147,0.24046179064147966,0.3949352153960855,0.5382286371143132,0.6666355902609005,0.776972141409781,0.8666892207045002,0.9339747696706215,0.9778468184187328,0.998241027368907,0.9960995947690691,0.9734726820907096,0.9336472135188765,0.8813147859862149,0.8227602498582038,0.7659457037703409,0.7201155906272401,0.6942702930177997,0.6942702930177996,0.7201155906272401,0.7659457037703409,0.8227602498582036,0.8813147859862147,0.9336472135188765,0.9734726820907095,0.9960995947690691,0.998241027368907,0.9778468184187328,0.9339747696706218,0.8666892207045006,0.7769721414097812,0.6666355902609005,0.5382286371143136,0.39493521539608634,0.24046179064147966,0.07891542896676147,-0.0853259719464391,-0.24774871875425886,-0.40384052351477245,-0.5492264552162575,-0.6798000949615072,-0.7918463715292666,-0.8821527142023791,-0.9481054402639685,-0.9877686798048279,-0.999943614446282,-0.9842063523678287,-0.940923361751155],[-0.9483892636240459,-0.9881025982566096,-0.9999051496893714,-0.9835093586033411,-0.9394296771848606,-0.8689657767556387,-0.7741631004218364,-0.6577518832732057,-0.5230663706738281,-0.3739465193301656,-0.21462494845642274,-0.04960230298322952,0.11648551805290568,0.2790046418703198,0.43346134567226835,0.5756374708439014,0.7017198642659526,0.8084210904281943,0.8930894530208613,0.9538075763175021,0.9894806649232465,0.9999185356923244,0.9859204332769931,0.9493799757801374,0.8934415357640473,0.8227602498582038,0.7439353574722137,0.6661320449891327,0.6015216255738212,0.56401756143263,0.5640175614326299,0.6015216255738212,0.6661320449891327,0.7439353574722133,0.8227602498582035,0.8934415357640473,0.9493799757801372,0.985920433276993,0.9999185356923244,0.9894806649232465,0.9538075763175022,0.8930894530208615,0.8084210904281945,0.7017198642659526,0.5756374708439017,0.4334613456722691,0.27900464187032026,0.11648551805290568,-0.049602302983229075,-0.21462494845642188,-0.3739465193301644,-0.5230663706738281,-0.657751883273205,-0.7741631004218359,-0.8689657767556387,-0.9394296771848606,-0.9835093586033411,-0.9999051496893714,-0.98810259825661,-0.9483892636240459],[-0.9536866077770171,-0.9906753911519591,-0.999483192721514,-0.9798832629803592,-0.9324597303190133,-0.8585897908378729,-0.7604030881594627,-0.6407194418428781,-0.5029666982221719,-0.3510810393691001,-0.18939257723121442,-0.02249946506443533,0.14486593717688737,0.30797511577550946,0.46224188168810226,0.6033575561519564,0.7274193775294943,0.8310490635877591,0.9114991264262746,0.9667455522482931,0.9955670493936275,0.9976137115019864,0.9734726820907095,0.9247476097998024,0.85418787624868,0.7659457037703409,0.6661320449891327,0.5640175614326295,0.47428215556596803,0.4187971419751206,0.4187971419751204,0.47428215556596803,0.5640175614326295,0.6661320449891323,0.7659457037703404,0.85418787624868,0.9247476097998022,0.9734726820907093,0.9976137115019864,0.9955670493936275,0.9667455522482932,0.911499126426275,0.8310490635877593,0.7274193775294943,0.6033575561519567,0.46224188168810304,0.30797511577550946,0.14486593717688737,-0.02249946506443533,-0.18939257723121353,-0.35108103936909885,-0.5029666982221719,-0.6407194418428778,-0.760403088159462,-0.8585897908378729,-0.9324597303190133,-0.9798832629803592,-0.9994831927215139,-0.9906753911519594,-0.9536866077770171],[-0.9570719696237899,-0.9922219198214444,-0.9990125530193037,-0.9772584517330342,-0.927591050788679,-0.8514401500365967,-0.7509925164527912,-0.6291287596764535,-0.48934028561499504,-0.3356287006237095,-0.17239053721947128,-0.004290586342479269,0.1638725621273355,0.3273049604303588,0.4813558241382894,0.6216522658195008,0.7442265403697087,0.8456324133178614,0.9230477437309521,0.9743610715529043,0.998241027368907,0.994189001411687,0.9625783505420938,0.9046891128460257,0.8227602498582036,0.7201155906272401,0.6015216255738212,0.47428215556596803,0.3518491322189128,0.2647933650264812,0.2647933650264809,0.3518491322189128,0.47428215556596803,0.6015216255738205,0.7201155906272395,0.8227602498582036,0.9046891128460256,0.9625783505420935,0.994189001411687,0.998241027368907,0.9743610715529044,0.9230477437309523,0.8456324133178617,0.7442265403697087,0.6216522658195008,0.4813558241382898,0.32730496043035917,0.1638725621273355,-0.004290586342479269,-0.17239053721947042,-0.3356287006237082,-0.48934028561499504,-0.6291287596764531,-0.7509925164527905,-0.8514401500365967,-0.927591050788679,-0.9772584517330342,-0.9990125530193036,-0.9922219198214446,-0.9570719696237899],[-0.9587203202789037,-0.9929441281084709,-0.9987200082042936,-0.9758834501909114,-0.9250898028135687,-0.8477954487042603,-0.7462